# Exhaustive test vector for ALU.
# Automatically generated.
<PinDef>
A4,A3,A8,A7,A6,A5,A12,A11,A10,A9,Q5,Q4,Q3,Q2
</PinDef>
<TestVector>
00 0000 0000 0000
01 0000 0000 0000
10 0000 0000 0000
11 0000 0000 0000
00 0000 0001 0001
01 0000 0001 1111
10 0000 0001 0000
11 0000 0001 0000
00 0000 0010 0010
01 0000 0010 1110
10 0000 0010 0000
11 0000 0010 0000
00 0000 0011 0011
01 0000 0011 1101
10 0000 0011 0000
11 0000 0011 0000
00 0000 0100 0100
01 0000 0100 1100
10 0000 0100 0000
11 0000 0100 0000
00 0000 0101 0101
01 0000 0101 1011
10 0000 0101 0000
11 0000 0101 0000
00 0000 0110 0110
01 0000 0110 1010
10 0000 0110 0000
11 0000 0110 0000
00 0000 0111 0111
01 0000 0111 1001
10 0000 0111 0000
11 0000 0111 0000
00 0000 1000 1000
01 0000 1000 1000
10 0000 1000 0000
11 0000 1000 0000
00 0000 1001 1001
01 0000 1001 0111
10 0000 1001 0000
11 0000 1001 0000
00 0000 1010 1010
01 0000 1010 0110
10 0000 1010 0000
11 0000 1010 0000
00 0000 1011 1011
01 0000 1011 0101
10 0000 1011 0000
11 0000 1011 0000
00 0000 1100 1100
01 0000 1100 0100
10 0000 1100 0000
11 0000 1100 0000
00 0000 1101 1101
01 0000 1101 0011
10 0000 1101 0000
11 0000 1101 0000
00 0000 1110 1110
01 0000 1110 0010
10 0000 1110 0000
11 0000 1110 0000
00 0000 1111 1111
01 0000 1111 0001
10 0000 1111 0000
11 0000 1111 0000
00 0001 0000 0001
01 0001 0000 0001
10 0001 0000 0010
11 0001 0000 0000
00 0001 0001 0010
01 0001 0001 0000
10 0001 0001 0010
11 0001 0001 0000
00 0001 0010 0011
01 0001 0010 1111
10 0001 0010 0010
11 0001 0010 0000
00 0001 0011 0100
01 0001 0011 1110
10 0001 0011 0010
11 0001 0011 0000
00 0001 0100 0101
01 0001 0100 1101
10 0001 0100 0010
11 0001 0100 0000
00 0001 0101 0110
01 0001 0101 1100
10 0001 0101 0010
11 0001 0101 0000
00 0001 0110 0111
01 0001 0110 1011
10 0001 0110 0010
11 0001 0110 0000
00 0001 0111 1000
01 0001 0111 1010
10 0001 0111 0010
11 0001 0111 0000
00 0001 1000 1001
01 0001 1000 1001
10 0001 1000 0010
11 0001 1000 0000
00 0001 1001 1010
01 0001 1001 1000
10 0001 1001 0010
11 0001 1001 0000
00 0001 1010 1011
01 0001 1010 0111
10 0001 1010 0010
11 0001 1010 0000
00 0001 1011 1100
01 0001 1011 0110
10 0001 1011 0010
11 0001 1011 0000
00 0001 1100 1101
01 0001 1100 0101
10 0001 1100 0010
11 0001 1100 0000
00 0001 1101 1110
01 0001 1101 0100
10 0001 1101 0010
11 0001 1101 0000
00 0001 1110 1111
01 0001 1110 0011
10 0001 1110 0010
11 0001 1110 0000
00 0001 1111 0000
01 0001 1111 0010
10 0001 1111 0010
11 0001 1111 0000
00 0010 0000 0010
01 0010 0000 0010
10 0010 0000 0100
11 0010 0000 0000
00 0010 0001 0011
01 0010 0001 0001
10 0010 0001 0100
11 0010 0001 0000
00 0010 0010 0100
01 0010 0010 0000
10 0010 0010 0100
11 0010 0010 0000
00 0010 0011 0101
01 0010 0011 1111
10 0010 0011 0100
11 0010 0011 0000
00 0010 0100 0110
01 0010 0100 1110
10 0010 0100 0100
11 0010 0100 0000
00 0010 0101 0111
01 0010 0101 1101
10 0010 0101 0100
11 0010 0101 0000
00 0010 0110 1000
01 0010 0110 1100
10 0010 0110 0100
11 0010 0110 0000
00 0010 0111 1001
01 0010 0111 1011
10 0010 0111 0100
11 0010 0111 0000
00 0010 1000 1010
01 0010 1000 1010
10 0010 1000 0100
11 0010 1000 0000
00 0010 1001 1011
01 0010 1001 1001
10 0010 1001 0100
11 0010 1001 0000
00 0010 1010 1100
01 0010 1010 1000
10 0010 1010 0100
11 0010 1010 0000
00 0010 1011 1101
01 0010 1011 0111
10 0010 1011 0100
11 0010 1011 0000
00 0010 1100 1110
01 0010 1100 0110
10 0010 1100 0100
11 0010 1100 0000
00 0010 1101 1111
01 0010 1101 0101
10 0010 1101 0100
11 0010 1101 0000
00 0010 1110 0000
01 0010 1110 0100
10 0010 1110 0100
11 0010 1110 0000
00 0010 1111 0001
01 0010 1111 0011
10 0010 1111 0100
11 0010 1111 0000
00 0011 0000 0011
01 0011 0000 0011
10 0011 0000 0110
11 0011 0000 0000
00 0011 0001 0100
01 0011 0001 0010
10 0011 0001 0110
11 0011 0001 0000
00 0011 0010 0101
01 0011 0010 0001
10 0011 0010 0110
11 0011 0010 0000
00 0011 0011 0110
01 0011 0011 0000
10 0011 0011 0110
11 0011 0011 0000
00 0011 0100 0111
01 0011 0100 1111
10 0011 0100 0110
11 0011 0100 0000
00 0011 0101 1000
01 0011 0101 1110
10 0011 0101 0110
11 0011 0101 0000
00 0011 0110 1001
01 0011 0110 1101
10 0011 0110 0110
11 0011 0110 0000
00 0011 0111 1010
01 0011 0111 1100
10 0011 0111 0110
11 0011 0111 0000
00 0011 1000 1011
01 0011 1000 1011
10 0011 1000 0110
11 0011 1000 0000
00 0011 1001 1100
01 0011 1001 1010
10 0011 1001 0110
11 0011 1001 0000
00 0011 1010 1101
01 0011 1010 1001
10 0011 1010 0110
11 0011 1010 0000
00 0011 1011 1110
01 0011 1011 1000
10 0011 1011 0110
11 0011 1011 0000
00 0011 1100 1111
01 0011 1100 0111
10 0011 1100 0110
11 0011 1100 0000
00 0011 1101 0000
01 0011 1101 0110
10 0011 1101 0110
11 0011 1101 0000
00 0011 1110 0001
01 0011 1110 0101
10 0011 1110 0110
11 0011 1110 0000
00 0011 1111 0010
01 0011 1111 0100
10 0011 1111 0110
11 0011 1111 0000
00 0100 0000 0100
01 0100 0000 0100
10 0100 0000 1000
11 0100 0000 0000
00 0100 0001 0101
01 0100 0001 0011
10 0100 0001 1000
11 0100 0001 0000
00 0100 0010 0110
01 0100 0010 0010
10 0100 0010 1000
11 0100 0010 0000
00 0100 0011 0111
01 0100 0011 0001
10 0100 0011 1000
11 0100 0011 0000
00 0100 0100 1000
01 0100 0100 0000
10 0100 0100 1000
11 0100 0100 0000
00 0100 0101 1001
01 0100 0101 1111
10 0100 0101 1000
11 0100 0101 0000
00 0100 0110 1010
01 0100 0110 1110
10 0100 0110 1000
11 0100 0110 0000
00 0100 0111 1011
01 0100 0111 1101
10 0100 0111 1000
11 0100 0111 0000
00 0100 1000 1100
01 0100 1000 1100
10 0100 1000 1000
11 0100 1000 0000
00 0100 1001 1101
01 0100 1001 1011
10 0100 1001 1000
11 0100 1001 0000
00 0100 1010 1110
01 0100 1010 1010
10 0100 1010 1000
11 0100 1010 0000
00 0100 1011 1111
01 0100 1011 1001
10 0100 1011 1000
11 0100 1011 0000
00 0100 1100 0000
01 0100 1100 1000
10 0100 1100 1000
11 0100 1100 0000
00 0100 1101 0001
01 0100 1101 0111
10 0100 1101 1000
11 0100 1101 0000
00 0100 1110 0010
01 0100 1110 0110
10 0100 1110 1000
11 0100 1110 0000
00 0100 1111 0011
01 0100 1111 0101
10 0100 1111 1000
11 0100 1111 0000
00 0101 0000 0101
01 0101 0000 0101
10 0101 0000 1010
11 0101 0000 0000
00 0101 0001 0110
01 0101 0001 0100
10 0101 0001 1010
11 0101 0001 0000
00 0101 0010 0111
01 0101 0010 0011
10 0101 0010 1010
11 0101 0010 0000
00 0101 0011 1000
01 0101 0011 0010
10 0101 0011 1010
11 0101 0011 0000
00 0101 0100 1001
01 0101 0100 0001
10 0101 0100 1010
11 0101 0100 0000
00 0101 0101 1010
01 0101 0101 0000
10 0101 0101 1010
11 0101 0101 0000
00 0101 0110 1011
01 0101 0110 1111
10 0101 0110 1010
11 0101 0110 0000
00 0101 0111 1100
01 0101 0111 1110
10 0101 0111 1010
11 0101 0111 0000
00 0101 1000 1101
01 0101 1000 1101
10 0101 1000 1010
11 0101 1000 0000
00 0101 1001 1110
01 0101 1001 1100
10 0101 1001 1010
11 0101 1001 0000
00 0101 1010 1111
01 0101 1010 1011
10 0101 1010 1010
11 0101 1010 0000
00 0101 1011 0000
01 0101 1011 1010
10 0101 1011 1010
11 0101 1011 0000
00 0101 1100 0001
01 0101 1100 1001
10 0101 1100 1010
11 0101 1100 0000
00 0101 1101 0010
01 0101 1101 1000
10 0101 1101 1010
11 0101 1101 0000
00 0101 1110 0011
01 0101 1110 0111
10 0101 1110 1010
11 0101 1110 0000
00 0101 1111 0100
01 0101 1111 0110
10 0101 1111 1010
11 0101 1111 0000
00 0110 0000 0110
01 0110 0000 0110
10 0110 0000 1100
11 0110 0000 0000
00 0110 0001 0111
01 0110 0001 0101
10 0110 0001 1100
11 0110 0001 0000
00 0110 0010 1000
01 0110 0010 0100
10 0110 0010 1100
11 0110 0010 0000
00 0110 0011 1001
01 0110 0011 0011
10 0110 0011 1100
11 0110 0011 0000
00 0110 0100 1010
01 0110 0100 0010
10 0110 0100 1100
11 0110 0100 0000
00 0110 0101 1011
01 0110 0101 0001
10 0110 0101 1100
11 0110 0101 0000
00 0110 0110 1100
01 0110 0110 0000
10 0110 0110 1100
11 0110 0110 0000
00 0110 0111 1101
01 0110 0111 1111
10 0110 0111 1100
11 0110 0111 0000
00 0110 1000 1110
01 0110 1000 1110
10 0110 1000 1100
11 0110 1000 0000
00 0110 1001 1111
01 0110 1001 1101
10 0110 1001 1100
11 0110 1001 0000
00 0110 1010 0000
01 0110 1010 1100
10 0110 1010 1100
11 0110 1010 0000
00 0110 1011 0001
01 0110 1011 1011
10 0110 1011 1100
11 0110 1011 0000
00 0110 1100 0010
01 0110 1100 1010
10 0110 1100 1100
11 0110 1100 0000
00 0110 1101 0011
01 0110 1101 1001
10 0110 1101 1100
11 0110 1101 0000
00 0110 1110 0100
01 0110 1110 1000
10 0110 1110 1100
11 0110 1110 0000
00 0110 1111 0101
01 0110 1111 0111
10 0110 1111 1100
11 0110 1111 0000
00 0111 0000 0111
01 0111 0000 0111
10 0111 0000 1110
11 0111 0000 0000
00 0111 0001 1000
01 0111 0001 0110
10 0111 0001 1110
11 0111 0001 0000
00 0111 0010 1001
01 0111 0010 0101
10 0111 0010 1110
11 0111 0010 0000
00 0111 0011 1010
01 0111 0011 0100
10 0111 0011 1110
11 0111 0011 0000
00 0111 0100 1011
01 0111 0100 0011
10 0111 0100 1110
11 0111 0100 0000
00 0111 0101 1100
01 0111 0101 0010
10 0111 0101 1110
11 0111 0101 0000
00 0111 0110 1101
01 0111 0110 0001
10 0111 0110 1110
11 0111 0110 0000
00 0111 0111 1110
01 0111 0111 0000
10 0111 0111 1110
11 0111 0111 0000
00 0111 1000 1111
01 0111 1000 1111
10 0111 1000 1110
11 0111 1000 0000
00 0111 1001 0000
01 0111 1001 1110
10 0111 1001 1110
11 0111 1001 0000
00 0111 1010 0001
01 0111 1010 1101
10 0111 1010 1110
11 0111 1010 0000
00 0111 1011 0010
01 0111 1011 1100
10 0111 1011 1110
11 0111 1011 0000
00 0111 1100 0011
01 0111 1100 1011
10 0111 1100 1110
11 0111 1100 0000
00 0111 1101 0100
01 0111 1101 1010
10 0111 1101 1110
11 0111 1101 0000
00 0111 1110 0101
01 0111 1110 1001
10 0111 1110 1110
11 0111 1110 0000
00 0111 1111 0110
01 0111 1111 1000
10 0111 1111 1110
11 0111 1111 0000
00 1000 0000 1000
01 1000 0000 1000
10 1000 0000 0000
11 1000 0000 0000
00 1000 0001 1001
01 1000 0001 0111
10 1000 0001 0000
11 1000 0001 0000
00 1000 0010 1010
01 1000 0010 0110
10 1000 0010 0000
11 1000 0010 0000
00 1000 0011 1011
01 1000 0011 0101
10 1000 0011 0000
11 1000 0011 0000
00 1000 0100 1100
01 1000 0100 0100
10 1000 0100 0000
11 1000 0100 0000
00 1000 0101 1101
01 1000 0101 0011
10 1000 0101 0000
11 1000 0101 0000
00 1000 0110 1110
01 1000 0110 0010
10 1000 0110 0000
11 1000 0110 0000
00 1000 0111 1111
01 1000 0111 0001
10 1000 0111 0000
11 1000 0111 0000
00 1000 1000 0000
01 1000 1000 0000
10 1000 1000 0000
11 1000 1000 0000
00 1000 1001 0001
01 1000 1001 1111
10 1000 1001 0000
11 1000 1001 0000
00 1000 1010 0010
01 1000 1010 1110
10 1000 1010 0000
11 1000 1010 0000
00 1000 1011 0011
01 1000 1011 1101
10 1000 1011 0000
11 1000 1011 0000
00 1000 1100 0100
01 1000 1100 1100
10 1000 1100 0000
11 1000 1100 0000
00 1000 1101 0101
01 1000 1101 1011
10 1000 1101 0000
11 1000 1101 0000
00 1000 1110 0110
01 1000 1110 1010
10 1000 1110 0000
11 1000 1110 0000
00 1000 1111 0111
01 1000 1111 1001
10 1000 1111 0000
11 1000 1111 0000
00 1001 0000 1001
01 1001 0000 1001
10 1001 0000 0010
11 1001 0000 0000
00 1001 0001 1010
01 1001 0001 1000
10 1001 0001 0010
11 1001 0001 0000
00 1001 0010 1011
01 1001 0010 0111
10 1001 0010 0010
11 1001 0010 0000
00 1001 0011 1100
01 1001 0011 0110
10 1001 0011 0010
11 1001 0011 0000
00 1001 0100 1101
01 1001 0100 0101
10 1001 0100 0010
11 1001 0100 0000
00 1001 0101 1110
01 1001 0101 0100
10 1001 0101 0010
11 1001 0101 0000
00 1001 0110 1111
01 1001 0110 0011
10 1001 0110 0010
11 1001 0110 0000
00 1001 0111 0000
01 1001 0111 0010
10 1001 0111 0010
11 1001 0111 0000
00 1001 1000 0001
01 1001 1000 0001
10 1001 1000 0010
11 1001 1000 0000
00 1001 1001 0010
01 1001 1001 0000
10 1001 1001 0010
11 1001 1001 0000
00 1001 1010 0011
01 1001 1010 1111
10 1001 1010 0010
11 1001 1010 0000
00 1001 1011 0100
01 1001 1011 1110
10 1001 1011 0010
11 1001 1011 0000
00 1001 1100 0101
01 1001 1100 1101
10 1001 1100 0010
11 1001 1100 0000
00 1001 1101 0110
01 1001 1101 1100
10 1001 1101 0010
11 1001 1101 0000
00 1001 1110 0111
01 1001 1110 1011
10 1001 1110 0010
11 1001 1110 0000
00 1001 1111 1000
01 1001 1111 1010
10 1001 1111 0010
11 1001 1111 0000
00 1010 0000 1010
01 1010 0000 1010
10 1010 0000 0100
11 1010 0000 0000
00 1010 0001 1011
01 1010 0001 1001
10 1010 0001 0100
11 1010 0001 0000
00 1010 0010 1100
01 1010 0010 1000
10 1010 0010 0100
11 1010 0010 0000
00 1010 0011 1101
01 1010 0011 0111
10 1010 0011 0100
11 1010 0011 0000
00 1010 0100 1110
01 1010 0100 0110
10 1010 0100 0100
11 1010 0100 0000
00 1010 0101 1111
01 1010 0101 0101
10 1010 0101 0100
11 1010 0101 0000
00 1010 0110 0000
01 1010 0110 0100
10 1010 0110 0100
11 1010 0110 0000
00 1010 0111 0001
01 1010 0111 0011
10 1010 0111 0100
11 1010 0111 0000
00 1010 1000 0010
01 1010 1000 0010
10 1010 1000 0100
11 1010 1000 0000
00 1010 1001 0011
01 1010 1001 0001
10 1010 1001 0100
11 1010 1001 0000
00 1010 1010 0100
01 1010 1010 0000
10 1010 1010 0100
11 1010 1010 0000
00 1010 1011 0101
01 1010 1011 1111
10 1010 1011 0100
11 1010 1011 0000
00 1010 1100 0110
01 1010 1100 1110
10 1010 1100 0100
11 1010 1100 0000
00 1010 1101 0111
01 1010 1101 1101
10 1010 1101 0100
11 1010 1101 0000
00 1010 1110 1000
01 1010 1110 1100
10 1010 1110 0100
11 1010 1110 0000
00 1010 1111 1001
01 1010 1111 1011
10 1010 1111 0100
11 1010 1111 0000
00 1011 0000 1011
01 1011 0000 1011
10 1011 0000 0110
11 1011 0000 0000
00 1011 0001 1100
01 1011 0001 1010
10 1011 0001 0110
11 1011 0001 0000
00 1011 0010 1101
01 1011 0010 1001
10 1011 0010 0110
11 1011 0010 0000
00 1011 0011 1110
01 1011 0011 1000
10 1011 0011 0110
11 1011 0011 0000
00 1011 0100 1111
01 1011 0100 0111
10 1011 0100 0110
11 1011 0100 0000
00 1011 0101 0000
01 1011 0101 0110
10 1011 0101 0110
11 1011 0101 0000
00 1011 0110 0001
01 1011 0110 0101
10 1011 0110 0110
11 1011 0110 0000
00 1011 0111 0010
01 1011 0111 0100
10 1011 0111 0110
11 1011 0111 0000
00 1011 1000 0011
01 1011 1000 0011
10 1011 1000 0110
11 1011 1000 0000
00 1011 1001 0100
01 1011 1001 0010
10 1011 1001 0110
11 1011 1001 0000
00 1011 1010 0101
01 1011 1010 0001
10 1011 1010 0110
11 1011 1010 0000
00 1011 1011 0110
01 1011 1011 0000
10 1011 1011 0110
11 1011 1011 0000
00 1011 1100 0111
01 1011 1100 1111
10 1011 1100 0110
11 1011 1100 0000
00 1011 1101 1000
01 1011 1101 1110
10 1011 1101 0110
11 1011 1101 0000
00 1011 1110 1001
01 1011 1110 1101
10 1011 1110 0110
11 1011 1110 0000
00 1011 1111 1010
01 1011 1111 1100
10 1011 1111 0110
11 1011 1111 0000
00 1100 0000 1100
01 1100 0000 1100
10 1100 0000 1000
11 1100 0000 0000
00 1100 0001 1101
01 1100 0001 1011
10 1100 0001 1000
11 1100 0001 0000
00 1100 0010 1110
01 1100 0010 1010
10 1100 0010 1000
11 1100 0010 0000
00 1100 0011 1111
01 1100 0011 1001
10 1100 0011 1000
11 1100 0011 0000
00 1100 0100 0000
01 1100 0100 1000
10 1100 0100 1000
11 1100 0100 0000
00 1100 0101 0001
01 1100 0101 0111
10 1100 0101 1000
11 1100 0101 0000
00 1100 0110 0010
01 1100 0110 0110
10 1100 0110 1000
11 1100 0110 0000
00 1100 0111 0011
01 1100 0111 0101
10 1100 0111 1000
11 1100 0111 0000
00 1100 1000 0100
01 1100 1000 0100
10 1100 1000 1000
11 1100 1000 0000
00 1100 1001 0101
01 1100 1001 0011
10 1100 1001 1000
11 1100 1001 0000
00 1100 1010 0110
01 1100 1010 0010
10 1100 1010 1000
11 1100 1010 0000
00 1100 1011 0111
01 1100 1011 0001
10 1100 1011 1000
11 1100 1011 0000
00 1100 1100 1000
01 1100 1100 0000
10 1100 1100 1000
11 1100 1100 0000
00 1100 1101 1001
01 1100 1101 1111
10 1100 1101 1000
11 1100 1101 0000
00 1100 1110 1010
01 1100 1110 1110
10 1100 1110 1000
11 1100 1110 0000
00 1100 1111 1011
01 1100 1111 1101
10 1100 1111 1000
11 1100 1111 0000
00 1101 0000 1101
01 1101 0000 1101
10 1101 0000 1010
11 1101 0000 0000
00 1101 0001 1110
01 1101 0001 1100
10 1101 0001 1010
11 1101 0001 0000
00 1101 0010 1111
01 1101 0010 1011
10 1101 0010 1010
11 1101 0010 0000
00 1101 0011 0000
01 1101 0011 1010
10 1101 0011 1010
11 1101 0011 0000
00 1101 0100 0001
01 1101 0100 1001
10 1101 0100 1010
11 1101 0100 0000
00 1101 0101 0010
01 1101 0101 1000
10 1101 0101 1010
11 1101 0101 0000
00 1101 0110 0011
01 1101 0110 0111
10 1101 0110 1010
11 1101 0110 0000
00 1101 0111 0100
01 1101 0111 0110
10 1101 0111 1010
11 1101 0111 0000
00 1101 1000 0101
01 1101 1000 0101
10 1101 1000 1010
11 1101 1000 0000
00 1101 1001 0110
01 1101 1001 0100
10 1101 1001 1010
11 1101 1001 0000
00 1101 1010 0111
01 1101 1010 0011
10 1101 1010 1010
11 1101 1010 0000
00 1101 1011 1000
01 1101 1011 0010
10 1101 1011 1010
11 1101 1011 0000
00 1101 1100 1001
01 1101 1100 0001
10 1101 1100 1010
11 1101 1100 0000
00 1101 1101 1010
01 1101 1101 0000
10 1101 1101 1010
11 1101 1101 0000
00 1101 1110 1011
01 1101 1110 1111
10 1101 1110 1010
11 1101 1110 0000
00 1101 1111 1100
01 1101 1111 1110
10 1101 1111 1010
11 1101 1111 0000
00 1110 0000 1110
01 1110 0000 1110
10 1110 0000 1100
11 1110 0000 0000
00 1110 0001 1111
01 1110 0001 1101
10 1110 0001 1100
11 1110 0001 0000
00 1110 0010 0000
01 1110 0010 1100
10 1110 0010 1100
11 1110 0010 0000
00 1110 0011 0001
01 1110 0011 1011
10 1110 0011 1100
11 1110 0011 0000
00 1110 0100 0010
01 1110 0100 1010
10 1110 0100 1100
11 1110 0100 0000
00 1110 0101 0011
01 1110 0101 1001
10 1110 0101 1100
11 1110 0101 0000
00 1110 0110 0100
01 1110 0110 1000
10 1110 0110 1100
11 1110 0110 0000
00 1110 0111 0101
01 1110 0111 0111
10 1110 0111 1100
11 1110 0111 0000
00 1110 1000 0110
01 1110 1000 0110
10 1110 1000 1100
11 1110 1000 0000
00 1110 1001 0111
01 1110 1001 0101
10 1110 1001 1100
11 1110 1001 0000
00 1110 1010 1000
01 1110 1010 0100
10 1110 1010 1100
11 1110 1010 0000
00 1110 1011 1001
01 1110 1011 0011
10 1110 1011 1100
11 1110 1011 0000
00 1110 1100 1010
01 1110 1100 0010
10 1110 1100 1100
11 1110 1100 0000
00 1110 1101 1011
01 1110 1101 0001
10 1110 1101 1100
11 1110 1101 0000
00 1110 1110 1100
01 1110 1110 0000
10 1110 1110 1100
11 1110 1110 0000
00 1110 1111 1101
01 1110 1111 1111
10 1110 1111 1100
11 1110 1111 0000
00 1111 0000 1111
01 1111 0000 1111
10 1111 0000 1110
11 1111 0000 0000
00 1111 0001 0000
01 1111 0001 1110
10 1111 0001 1110
11 1111 0001 0000
00 1111 0010 0001
01 1111 0010 1101
10 1111 0010 1110
11 1111 0010 0000
00 1111 0011 0010
01 1111 0011 1100
10 1111 0011 1110
11 1111 0011 0000
00 1111 0100 0011
01 1111 0100 1011
10 1111 0100 1110
11 1111 0100 0000
00 1111 0101 0100
01 1111 0101 1010
10 1111 0101 1110
11 1111 0101 0000
00 1111 0110 0101
01 1111 0110 1001
10 1111 0110 1110
11 1111 0110 0000
00 1111 0111 0110
01 1111 0111 1000
10 1111 0111 1110
11 1111 0111 0000
00 1111 1000 0111
01 1111 1000 0111
10 1111 1000 1110
11 1111 1000 0000
00 1111 1001 1000
01 1111 1001 0110
10 1111 1001 1110
11 1111 1001 0000
00 1111 1010 1001
01 1111 1010 0101
10 1111 1010 1110
11 1111 1010 0000
00 1111 1011 1010
01 1111 1011 0100
10 1111 1011 1110
11 1111 1011 0000
00 1111 1100 1011
01 1111 1100 0011
10 1111 1100 1110
11 1111 1100 0000
00 1111 1101 1100
01 1111 1101 0010
10 1111 1101 1110
11 1111 1101 0000
00 1111 1110 1101
01 1111 1110 0001
10 1111 1110 1110
11 1111 1110 0000
00 1111 1111 1110
01 1111 1111 0000
10 1111 1111 1110
11 1111 1111 0000
</TestVector>